kinematics:
  shoulder:
    x: 0
    y: 0
    z: 0.08938951561781427
    roll: -0
    pitch: 0
    yaw: 1.083226108310201e-05
  upper_arm:
    x: 6.336362371447416e-05
    y: 0
    z: 0
    roll: 1.570348540951453
    pitch: 0
    yaw: 2.719045666989022e-05
  forearm:
    x: -0.4253896174447958
    y: 0
    z: 0
    roll: 3.140376785294619
    pitch: 3.139682536696283
    yaw: -3.141504483227948
  wrist_1:
    x: -0.3925069073742664
    y: 0.0003118598003598157
    z: 0.1101889912095088
    roll: 3.138762434669953
    pitch: -3.140438498009012
    yaw: -3.141558798660953
  wrist_2:
    x: 3.332357706301174e-05
    y: -0.09477839586190531
    z: 4.335054484337221e-06
    roll: 1.570750587948592
    pitch: 0
    yaw: 5.49664109761506e-05
  wrist_3:
    x: 5.024475308389223e-05
    y: 0.08248697826663183
    z: -2.100418382332337e-06
    roll: 1.570770863158987
    pitch: 3.141592653589793
    yaw: -3.141509154955473
  hash: calib_11181088400378755549